0.00515		0.00465		0		0.00034205
0.0065		0.00465		0		0.00023707
0.00818		0.004375		0		0.00019744
0.00995		0.00411		0		0.00018005
0.0117		0.004023		0		0.00017541
0.0135		0.003845		0		0.00016704
0.0154		0.00378		0		0.00016377
0.0172		0.003603		0		0.00015571
0.0191		0.003481		0		0.00015062
0.021		0.00337		0		0.00014552
0.0229		0.00325		0		0.00014043
0.0248		0.003079		0		0.00013237
0.0268		0.002967		0		0.00012827
0.0287		0.002859		0		0.00012332
0.0307		0.002753		0		0.00011823
0.0328		0.00263		0		0.00011314
0.0348		0.00252		0		0.00010819
0.0369		0.002428		0		0.00010409
0.039		0.002316		0		9.9141e-05
0.0411		0.002222		0		9.5037e-05
0.0433		0.002109		0		9.0094e-05
0.0455		0.002048		0		8.7966e-05
0.0477		0.001972		0		8.4012e-05
0.0499		0.001875		0		8.0062e-05
0.0522		0.001781		0		7.5954e-05
0.0545		0.001688		0		7.2007e-05
0.0569		0.001625		0		6.8884e-05
0.0592		0.001555		0		6.5924e-05
0.0616		0.001494		0		6.3953e-05
0.0641		0.001402		0		5.9841e-05
0.0666		0.001351		0		5.7853e-05
0.0691		0.00129		0		5.5339e-05
0.0716		0.0012053		0		5.1806e-05
0.0742		0.001151		0		4.9605e-05
0.0769		0.0010963		0		4.7289e-05
0.0795		0.0010497		0		4.5366e-05
0.0823		0.0010022		0		4.3443e-05
0.085		0.0009318		0		4.0421e-05
0.0878		0.0008916		0		3.8812e-05
0.0907		0.0008178		0		3.5693e-05
0.0936		0.0007885		0		3.4477e-05
0.0966		0.0007392		0		3.236e-05
0.0996		0.0006877		0		3.0242e-05
0.103		0.0006553		0		2.8831e-05
0.106		0.000619		0		2.7225e-05
0.109		0.0005811		0		2.5598e-05
0.112		0.0005411		0		2.3895e-05
0.116		0.0005121		0		2.2583e-05
0.119		0.0004824		0		2.1272e-05
0.122		0.0004499		0		2.0133e-05
0.126		0.0004274		0		1.9428e-05
0.13		0.0003949		0		1.8215e-05
0.133		0.0003575		0		1.6858e-05
0.137		0.0003363		0		1.613e-05
0.141		0.0003108		0		1.5261e-05
0.145		0.0002891		0		1.4437e-05
0.149		0.0002565		0		1.3065e-05
0.153		0.0002416		0		1.2528e-05
0.157		0.0002235		0		1.183e-05
0.162		0.0002022		0		1.0942e-05
0.166		0.0001901		0		1.05e-05
0.171		0.0001692		0		9.5818e-06
0.175		0.000152		0		8.792e-06
0.18		0.000139		0		8.2873e-06
0.185		0.0001209		0		7.3736e-06
0.19		0.0001126		0		7.0576e-06
0.196		0.0001011		0		6.5192e-06
0.201		9.31e-05		0		6.1098e-06
0.207		8.07e-05		0		5.5154e-06
0.213		6.98e-05		0		4.8847e-06
0.219		6.22e-05		0		4.531e-06
0.225		5.38e-05		0		4.0311e-06
0.232		4.4e-05		0		3.4015e-06
0.239		4.25e-05		0		3.4015e-06
0.246		3.47e-05		0		2.9069e-06
0.253		2.82e-05		0		2.4597e-06
0.261		2.52e-05		0		2.2361e-06
0.27		2.142e-05		0		2.0271e-06
0.278		1.824e-05		0		1.7901e-06
0.287		1.455e-05		0		1.4922e-06
0.297		1.257e-05		0		1.3497e-06
0.307		8.48e-06		0		9.7908e-07
0.318		6.33e-06		0		7.8006e-07
0.33		5.58e-06		0		7.2201e-07
0.342		4.17e-06		0		5.8898e-07
0.356		2.69e-06		0		4.0361e-07
0.371		2.35e-06		0		3.7537e-07
0.377		2.25e-06		0		8.2219e-07
0.384		1.74e-06		0		6.4195e-07
0.391		1.57e-06		0		5.8138e-07
0.398		1.33e-06		0		4.9163e-07
0.405		1.16e-06		0		4.3105e-07
0.412		9.33e-07		0		3.4e-07
0.42		7.8e-07		0		2.9069e-07
0.428		6.3e-07		0		2.4083e-07
0.436		5.4e-07		0		2.01e-07
0.445		4.5e-07		0		1.7029e-07
0.454		3.4e-07		0		1.3038e-07
0.464		3e-07		0		1.2042e-07
0.474		2.6e-07		0		1.005e-07
0.485		2.16e-07		0		8.4481e-08
0.496		1.95e-07		0		7.6531e-08
0.508		1.8e-07		0		7.0456e-08
0.52		1.71e-07		0		6.6483e-08
0.533		1.61e-07		0		6.2514e-08
0.547		1.69e-07		0		6.549e-08
0.56		1.85e-07		0		7.1568e-08
0.574		1.83e-07		0		7.0576e-08
0.588		2.08e-07		0		7.9511e-08
0.602		2.28e-07		0		8.7573e-08
0.616		2.22e-07		0		8.4593e-08
0.629		2.42e-07		0		9.2542e-08
0.643		2.47e-07		0		9.3536e-08
0.657		2.74e-07		0		7.6792e-08
0.671		2.48e-07		0		9.3536e-08
0.685		2.51e-07		0		9.453e-08
0.7		2.73e-07		0		7.6655e-08
0.714		2.65e-07		0		9.8509e-08
0.728		2.59e-07		0		9.6519e-08
0.742		2.5e-07		0		9.2439e-08
0.757		2.6e-07		0		9.5425e-08
0.771		2.41e-07		0		8.8459e-08
0.786		2.32e-07		0		8.438e-08
0.801		2.13e-07		0		7.7414e-08
0.816		2.16e-07		0		7.8409e-08
0.831		1.89e-07		0		6.8359e-08
0.847		1.83e-07		0		6.637e-08
0.863		1.63e-07		0		5.831e-08
0.88		1.64e-07		0		5.831e-08
0.897		1.69e-07		0		6.0299e-08
0.913		1.41e-07		0		5.0359e-08
0.931		1.4e-07		0		4.9366e-08
0.948		1.41e-07		0		4.9366e-08
0.966		1.19e-07		0		4.1304e-08
0.985		1.22e-07		0		4.2297e-08
1.005		1.13e-07		0		3.9319e-08
1.024		1e-07		0		3.4234e-08
1.044		8.7e-08		0		3.0265e-08
1.065		7.9e-08		0		2.7295e-08
1.086		8.1e-08		0		2.7295e-08
1.108		7.2e-08		0		2.4187e-08
1.131		6.5e-08		0		2.2204e-08
1.155		5.1e-08		0		1.7263e-08
1.179		5.3e-08		0		1.7263e-08
1.205		5e-08		0		1.6279e-08
1.232		4.2e-08		0		1.4142e-08
1.261		3.4e-08		0		1.118e-08
1.29		3.3e-08		0		1.0198e-08
1.322		2.7e-08		0		9.2195e-09
1.355		2.2e-08		0		7.0711e-09
1.39		2e-08		0		6.0828e-09
1.428		1.6e-08		0		5.099e-09
1.467		1.5e-08		0		4.1231e-09
1.507		1.1e-08		0		3.1623e-09
1.552		8.4e-09		0		2.5962e-09
1.603		7.5e-09		0		2.3087e-09
1.656		5.6e-09		0		1.6763e-09
1.713		4.6e-09		0		1.3928e-09
1.777		3.7e-09		0		1.077e-09
1.851		2.2e-09		0		6.7082e-10
1.932		1.9e-09		0		5.831e-10
2.024		1.3e-09		0		3.6056e-10
2.133		5.9e-10		0		1.9209e-10
2.272		4.1e-10		0		1.3601e-10
2.443		2.3e-10		0		7.8102e-11
